[gd_scene format=3 uid="uid://b7jo1g8juh14v"]

[ext_resource type="Script" uid="uid://jmi5mu7dprje" path="res://src/island_generation/IslandGenerator.cs" id="2_0xm2m"]
[ext_resource type="PackedScene" uid="uid://icw2vrwc5qj4" path="res://box.tscn" id="3_1bvp3"]
[ext_resource type="Script" uid="uid://ee0xw8tw25mt" path="res://src/island_generation/features/RockSpawner.cs" id="3_dg77c"]
[ext_resource type="Script" uid="uid://dom0p7hp8h4c0" path="res://src/TownCamera.cs" id="3_h2yge"]
[ext_resource type="Script" uid="uid://bpuhgeon2r0xn" path="res://src/island_generation/features/BoxSpawner.cs" id="4_7mycd"]
[ext_resource type="PackedScene" uid="uid://b47fqfxqrg8ws" path="res://rock_1.tscn" id="4_82xsv"]
[ext_resource type="Script" uid="uid://wtsedns001f0" path="res://src/island_generation/features/TreeSpawner.cs" id="5_272bh"]
[ext_resource type="PackedScene" uid="uid://crvaijewk4ot4" path="res://rock_2.tscn" id="5_getpj"]
[ext_resource type="PackedScene" uid="uid://ducurpcp78j48" path="res://tree_1.tscn" id="6_efxa6"]
[ext_resource type="PackedScene" uid="uid://bsmncffucoxt6" path="res://rock_3.tscn" id="6_ryguw"]
[ext_resource type="PackedScene" uid="uid://jnvlqmudr7jb" path="res://rock_4.tscn" id="7_d13ii"]
[ext_resource type="PackedScene" uid="uid://cskhij4q66sfg" path="res://tree_2.tscn" id="7_dg77c"]
[ext_resource type="PackedScene" uid="uid://yv804gt6yjtk" path="res://rock_5.tscn" id="8_1u8w0"]
[ext_resource type="PackedScene" uid="uid://b23nra5gc56dt" path="res://tree_3.tscn" id="8_ycdy4"]
[ext_resource type="PackedScene" uid="uid://cqm2tgl68g3eb" path="res://rock_6.tscn" id="9_0odxb"]
[ext_resource type="PackedScene" uid="uid://cwtylrr6liipb" path="res://tree_4.tscn" id="9_w48qg"]
[ext_resource type="PackedScene" uid="uid://s0vla7r23ob1" path="res://rock_7.tscn" id="10_lswn8"]
[ext_resource type="PackedScene" uid="uid://b2ss2q46b8l6s" path="res://tree_5.tscn" id="10_vivmo"]
[ext_resource type="PackedScene" uid="uid://c3dwfplti3vqd" path="res://rock_8.tscn" id="11_a6jrf"]
[ext_resource type="Script" uid="uid://2c3yw1nocqhh" path="res://src/island_generation/features/PlantSpawner.cs" id="12_getpj"]
[ext_resource type="PackedScene" uid="uid://cu4hx0bxw5h5w" path="res://plant_1.tscn" id="13_facbu"]
[ext_resource type="PackedScene" uid="uid://bvl4hdlre3a1w" path="res://plant_2.tscn" id="14_b1qrp"]
[ext_resource type="PackedScene" uid="uid://cl54mhxnyr67v" path="res://plant_3.tscn" id="15_come4"]
[ext_resource type="PackedScene" uid="uid://b5k412y83ihhk" path="res://plant_4.tscn" id="16_h8e4i"]
[ext_resource type="PackedScene" uid="uid://dd404oimk0ots" path="res://plant_5.tscn" id="17_4lmeg"]
[ext_resource type="PackedScene" uid="uid://ds37vq1rfpf6k" path="res://plant_6.tscn" id="18_0cp0l"]
[ext_resource type="PackedScene" uid="uid://npwy5wvwbdy7" path="res://plant_7.tscn" id="19_d2t1y"]
[ext_resource type="PackedScene" uid="uid://bu4uqtgjqdhgl" path="res://plant_8.tscn" id="20_gngh3"]
[ext_resource type="PackedScene" uid="uid://hkawk682q2vo" path="res://plant_9.tscn" id="21_0n3wm"]
[ext_resource type="PackedScene" uid="uid://csjbtfgitedym" path="res://plant_10.tscn" id="22_qnost"]
[ext_resource type="PackedScene" uid="uid://bo3blc660g8vu" path="res://plant_11.tscn" id="23_wnkbs"]
[ext_resource type="PackedScene" uid="uid://cm2jxtlxw0g5n" path="res://plant_12.tscn" id="24_f6a44"]
[ext_resource type="PackedScene" uid="uid://b5c0bf1jjcrpv" path="res://plant_13.tscn" id="25_0cbny"]
[ext_resource type="PackedScene" uid="uid://jhchlypgxbvw" path="res://plant_14.tscn" id="26_hrvbo"]
[ext_resource type="PackedScene" uid="uid://7anc6rawqti7" path="res://plant_15.tscn" id="27_uypp3"]
[ext_resource type="PackedScene" uid="uid://dg30bex15mrby" path="res://plant_16.tscn" id="28_blkrb"]
[ext_resource type="Script" uid="uid://bpifafx3rsqpn" path="res://src/island_generation/RiverGenerator.cs" id="37_b1qrp"]
[ext_resource type="Script" uid="uid://cmcovua01styg" path="res://src/island_generation/Chunk.cs" id="37_wnkbs"]
[ext_resource type="Script" uid="uid://blebbxibnnbke" path="res://src/engine/DayNightCycle.cs" id="38_0cp0l"]
[ext_resource type="ArrayMesh" uid="uid://dfysje7bw38rn" path="res://terrain/terrain/rock_largeC.obj" id="38_gx4rg"]
[ext_resource type="ArrayMesh" uid="uid://dvkr2dexqueyo" path="res://terrain/terrain/rock_smallA.obj" id="39_5dllo"]
[ext_resource type="Script" uid="uid://bocovj5t1qv6t" path="res://src/GridInputHandler.cs" id="39_come4"]
[ext_resource type="Script" uid="uid://cdtr0lywobxkc" path="res://src/tools/TileRemovalTool.cs" id="40_4lmeg"]
[ext_resource type="ArrayMesh" uid="uid://cijclr80qeoph" path="res://terrain/terrain/rock_largeE.obj" id="40_phcyf"]
[ext_resource type="Script" uid="uid://c1u55bddq350t" path="res://src/tools/FeaturePlacementTool.cs" id="41_0cp0l"]
[ext_resource type="ArrayMesh" uid="uid://cybihmws6ravo" path="res://terrain/terrain/rock_largeB.obj" id="41_birbe"]
[ext_resource type="ArrayMesh" uid="uid://beg1r3fia1y2k" path="res://terrain/terrain/rock_largeD.obj" id="42_f1p13"]
[ext_resource type="ArrayMesh" uid="uid://bcrjefp7ty7r8" path="res://terrain/terrain/rock_largeA.obj" id="43_4obbf"]
[ext_resource type="Script" uid="uid://c112m2xstlmsg" path="res://src/UI/PlacementMenu.cs" id="43_d2t1y"]
[ext_resource type="ArrayMesh" uid="uid://w5s4gvh8dqs" path="res://terrain/terrain/rock_smallB.obj" id="44_ovcoh"]
[ext_resource type="Texture2D" uid="uid://coa6e15qwo8m3" path="res://terrain/Previews/tree.png" id="44_qnost"]
[ext_resource type="PackedScene" uid="uid://qyob3cyxwktd" path="res://path_straight.tscn" id="44_wnkbs"]
[ext_resource type="ArrayMesh" uid="uid://coga7p2t7vhhm" path="res://terrain/terrain/rock_largeF.obj" id="45_ppx11"]
[ext_resource type="Texture2D" uid="uid://do14ojhdajqip" path="res://terrain/Previews/rocks.png" id="45_wnkbs"]
[ext_resource type="ArrayMesh" uid="uid://4rii56jr5qa2" path="res://terrain/terrain/mushroom_red.obj" id="46_1yv1y"]
[ext_resource type="ArrayMesh" uid="uid://bycj0gkhakxwl" path="res://terrain/terrain/plant_bushTriangle.obj" id="47_5yh34"]
[ext_resource type="Texture2D" uid="uid://dyqgwwfo5piyx" path="res://terrain/Previews/platform-ramp.png" id="47_wnkbs"]
[ext_resource type="ArrayMesh" uid="uid://ykpb7plqnero" path="res://terrain/terrain/mushroom_tanTall.obj" id="48_pjuso"]
[ext_resource type="ArrayMesh" uid="uid://b6dxc6o2onuh1" path="res://terrain/terrain/grass_leafs.obj" id="49_23xmf"]
[ext_resource type="ArrayMesh" uid="uid://bwxuvrrc2uhc8" path="res://terrain/terrain/plant_bushSmall.obj" id="50_swlj1"]
[ext_resource type="ArrayMesh" uid="uid://cny1sbah6m0hr" path="res://terrain/terrain/plant_bushLargeTriangle.obj" id="51_yysqy"]
[ext_resource type="ArrayMesh" uid="uid://v0qc4pljoqwk" path="res://terrain/terrain/plant_flatShort.obj" id="52_n5t1e"]
[ext_resource type="ArrayMesh" uid="uid://pmdwkcvfeymn" path="res://terrain/terrain/mushroom_tan.obj" id="53_h6isl"]
[ext_resource type="ArrayMesh" uid="uid://dtunmx2d3ucve" path="res://terrain/terrain/mushroom_redTall.obj" id="54_53bls"]
[ext_resource type="ArrayMesh" uid="uid://d3aj85evhw0qe" path="res://terrain/terrain/plant_bush.obj" id="55_lwnsi"]
[ext_resource type="ArrayMesh" uid="uid://daj77yu2t6ixg" path="res://terrain/terrain/mushroom_tanGroup.obj" id="56_41lik"]
[ext_resource type="ArrayMesh" uid="uid://c81oobqv6waks" path="res://terrain/terrain/plant_bushDetailed.obj" id="57_jbvwl"]
[ext_resource type="ArrayMesh" uid="uid://b0rgybvvm4v5l" path="res://terrain/terrain/plant_flatTall.obj" id="58_sn1fb"]
[ext_resource type="ArrayMesh" uid="uid://bg0boyrpqi67" path="res://terrain/terrain/mushroom_redGroup.obj" id="59_yvsr8"]
[ext_resource type="ArrayMesh" uid="uid://b4necnypb5dk2" path="res://terrain/terrain/plant_bushLarge.obj" id="60_vieuh"]
[ext_resource type="ArrayMesh" uid="uid://dwh04hd4k3m0x" path="res://terrain/terrain/grass_large.obj" id="61_yjja3"]
[ext_resource type="ArrayMesh" uid="uid://dwaq1trigoj0t" path="res://terrain/Models/OBJ format/crate.obj" id="62_l0gw7"]
[ext_resource type="ArrayMesh" uid="uid://dwp55f58tptc6" path="res://terrain/terrain/tree_pineTallC.obj" id="63_inymm"]
[ext_resource type="ArrayMesh" uid="uid://b6p7ex3i0vgmp" path="res://terrain/terrain/tree_thin_dark.obj" id="64_jcxqu"]
[ext_resource type="ArrayMesh" uid="uid://60myw6sjbv23" path="res://terrain/terrain/tree_tall.obj" id="65_0arob"]
[ext_resource type="ArrayMesh" uid="uid://qs3qoysgmts4" path="res://terrain/terrain/tree_pineSmallC.obj" id="66_dij0e"]
[ext_resource type="ArrayMesh" uid="uid://har2u8xm3f2l" path="res://terrain/terrain/tree_small.obj" id="67_k1udn"]

[sub_resource type="FastNoiseLite" id="FastNoiseLite_dldy8"]

[sub_resource type="NoiseTexture2D" id="NoiseTexture2D_2bch7"]
noise = SubResource("FastNoiseLite_dldy8")
seamless = true
as_normal_map = true

[sub_resource type="StandardMaterial3D" id="StandardMaterial3D_eesxw"]
transparency = 1
depth_draw_mode = 1
albedo_color = Color(0.047058824, 0.3137255, 0.5254902, 0.5411765)
roughness = 0.05
normal_enabled = true
normal_texture = SubResource("NoiseTexture2D_2bch7")
refraction_enabled = true
refraction_texture = SubResource("NoiseTexture2D_2bch7")
uv1_scale = Vector3(0.01, 0.01, 0.01)
uv1_triplanar = true
uv1_world_triplanar = true

[sub_resource type="BoxMesh" id="BoxMesh_8241u"]
material = SubResource("StandardMaterial3D_eesxw")
size = Vector3(1000, 1, 1000)

[sub_resource type="Animation" id="Animation_4lmeg"]
length = 0.001
tracks/0/type = "value"
tracks/0/imported = false
tracks/0/enabled = true
tracks/0/path = NodePath(".:rotation")
tracks/0/interp = 1
tracks/0/loop_wrap = true
tracks/0/keys = {
"times": PackedFloat32Array(0),
"transitions": PackedFloat32Array(1),
"update": 0,
"values": [Vector3(-1.5707964, -0.0017453292, -0.0034906585)]
}
tracks/1/type = "value"
tracks/1/imported = false
tracks/1/enabled = true
tracks/1/path = NodePath(".:light_energy")
tracks/1/interp = 1
tracks/1/loop_wrap = true
tracks/1/keys = {
"times": PackedFloat32Array(0),
"transitions": PackedFloat32Array(1),
"update": 0,
"values": [1.0]
}

[sub_resource type="Animation" id="Animation_0cp0l"]
resource_name = "SunRotate"
length = 12.0
loop_mode = 1
tracks/0/type = "value"
tracks/0/imported = false
tracks/0/enabled = true
tracks/0/path = NodePath(".:rotation")
tracks/0/interp = 1
tracks/0/loop_wrap = true
tracks/0/keys = {
"times": PackedFloat32Array(0, 10.333333),
"transitions": PackedFloat32Array(1, 1),
"update": 0,
"values": [Vector3(-1.5707964, -0.0017453292, -0.0034906585), Vector3(4.712389, -0.0017453292, -0.0034906585)]
}
tracks/1/type = "value"
tracks/1/imported = false
tracks/1/enabled = true
tracks/1/path = NodePath(".:light_energy")
tracks/1/interp = 1
tracks/1/loop_wrap = true
tracks/1/keys = {
"times": PackedFloat32Array(0, 3.8666666, 7.766667),
"transitions": PackedFloat32Array(1, 1, 1),
"update": 0,
"values": [1.0, 0.0, 1.0]
}

[sub_resource type="AnimationLibrary" id="AnimationLibrary_d2t1y"]
_data = {
&"RESET": SubResource("Animation_4lmeg"),
&"SunRotate": SubResource("Animation_0cp0l")
}

[sub_resource type="Environment" id="Environment_8241u"]
background_mode = 1
background_color = Color(0.4, 0.85490197, 0.9607843, 1)
ambient_light_color = Color(0.4, 0.85490197, 0.9607843, 1)

[sub_resource type="Animation" id="Animation_gngh3"]
length = 0.001
tracks/0/type = "value"
tracks/0/imported = false
tracks/0/enabled = true
tracks/0/path = NodePath(".:environment:background_color")
tracks/0/interp = 1
tracks/0/loop_wrap = true
tracks/0/keys = {
"times": PackedFloat32Array(0),
"transitions": PackedFloat32Array(1),
"update": 0,
"values": [Color(0.4, 0.85490197, 0.9607843, 1)]
}
tracks/1/type = "value"
tracks/1/imported = false
tracks/1/enabled = true
tracks/1/path = NodePath(".:environment:ambient_light_color")
tracks/1/interp = 1
tracks/1/loop_wrap = true
tracks/1/keys = {
"times": PackedFloat32Array(0),
"transitions": PackedFloat32Array(1),
"update": 0,
"values": [Color(0.4, 0.85490197, 0.9607843, 1)]
}
tracks/2/type = "value"
tracks/2/imported = false
tracks/2/enabled = true
tracks/2/path = NodePath(".:environment:tonemap_exposure")
tracks/2/interp = 1
tracks/2/loop_wrap = true
tracks/2/keys = {
"times": PackedFloat32Array(0),
"transitions": PackedFloat32Array(1),
"update": 0,
"values": [1.0]
}

[sub_resource type="Animation" id="Animation_0n3wm"]
resource_name = "SkyColor"
length = 12.0
loop_mode = 1
tracks/0/type = "value"
tracks/0/imported = false
tracks/0/enabled = true
tracks/0/path = NodePath(".:environment:background_color")
tracks/0/interp = 1
tracks/0/loop_wrap = true
tracks/0/keys = {
"times": PackedFloat32Array(0, 3.9666667, 6.0333333, 8.17, 11.966666),
"transitions": PackedFloat32Array(1, 1, 1, 1, 1),
"update": 0,
"values": [Color(0.4, 0.85490197, 0.9607843, 1), Color(0.31670645, 0.24508628, 0.06436249, 1), Color(0.007977672, 0.10604478, 0.12904161, 1), Color(0.31670645, 0.24508628, 0.06436249, 1), Color(0.4, 0.85490197, 0.9607843, 1)]
}
tracks/1/type = "value"
tracks/1/imported = false
tracks/1/enabled = true
tracks/1/path = NodePath(".:environment:ambient_light_color")
tracks/1/interp = 1
tracks/1/loop_wrap = true
tracks/1/keys = {
"times": PackedFloat32Array(0, 3.96, 6.05, 8.166667, 12),
"transitions": PackedFloat32Array(1, 1, 1, 1, 1),
"update": 0,
"values": [Color(0.4, 0.85490197, 0.9607843, 1), Color(0.31764707, 0.24313726, 0.0627451, 1), Color(0.011764706, 0.105882354, 0.12941177, 1), Color(0.31764707, 0.24313726, 0.0627451, 1), Color(0.4, 0.85490197, 0.9607843, 1)]
}
tracks/2/type = "value"
tracks/2/imported = false
tracks/2/enabled = true
tracks/2/path = NodePath(".:environment:tonemap_exposure")
tracks/2/interp = 1
tracks/2/loop_wrap = true
tracks/2/keys = {
"times": PackedFloat32Array(0, 6.12),
"transitions": PackedFloat32Array(1, 1),
"update": 0,
"values": [1.0, 2.5]
}

[sub_resource type="AnimationLibrary" id="AnimationLibrary_qnost"]
_data = {
&"RESET": SubResource("Animation_gngh3"),
&"SkyColor": SubResource("Animation_0n3wm")
}

[node name="Main" type="Node3D" unique_id=477638316]
transform = Transform3D(1, 0, 0, 0, 1, 0, 0, 0, 1, 0, -9.258972, 0)

[node name="environment" type="Node3D" parent="." unique_id=1705273885]

[node name="Island" type="Node3D" parent="environment" unique_id=814776556]
transform = Transform3D(1, 0, 0, 0, 1, 0, 0, 0, 1, 0, 1.0029497, 0)
script = ExtResource("2_0xm2m")

[node name="RockSpawner" type="Node" parent="environment/Island" unique_id=796420405]
script = ExtResource("3_dg77c")
RockTemplates = Array[PackedScene]([ExtResource("4_82xsv"), ExtResource("5_getpj"), ExtResource("6_ryguw"), ExtResource("7_d13ii"), ExtResource("8_1u8w0"), ExtResource("9_0odxb"), ExtResource("10_lswn8"), ExtResource("11_a6jrf")])
SpawnCount = 50

[node name="PlantSpawner" type="Node" parent="environment/Island" unique_id=1112612796]
script = ExtResource("12_getpj")
PlantTemplates = Array[PackedScene]([ExtResource("13_facbu"), ExtResource("14_b1qrp"), ExtResource("15_come4"), ExtResource("16_h8e4i"), ExtResource("17_4lmeg"), ExtResource("18_0cp0l"), ExtResource("19_d2t1y"), ExtResource("20_gngh3"), ExtResource("21_0n3wm"), ExtResource("22_qnost"), ExtResource("23_wnkbs"), ExtResource("24_f6a44"), ExtResource("25_0cbny"), ExtResource("26_hrvbo"), ExtResource("27_uypp3"), ExtResource("28_blkrb")])
SpawnCount = 300

[node name="BoxSpawner" type="Node" parent="environment/Island" unique_id=359498542]
script = ExtResource("4_7mycd")
BoxTemplate = ExtResource("3_1bvp3")

[node name="TreeSpawner" type="Node" parent="environment/Island" unique_id=1156370660]
script = ExtResource("5_272bh")
TreeTemplates = Array[PackedScene]([ExtResource("6_efxa6"), ExtResource("7_dg77c"), ExtResource("8_ycdy4"), ExtResource("9_w48qg"), ExtResource("10_vivmo")])
SpawnCount = 70

[node name="RiverGenerator" type="Node" parent="environment/Island" unique_id=1294554047]
script = ExtResource("37_b1qrp")

[node name="Rock_-10_23" type="MeshInstance3D" parent="environment/Island" unique_id=1842427988 instance=ExtResource("7_d13ii")]
transform = Transform3D(0.9518898, 0, 0.30644047, 0, 1, 0, -0.30644047, 0, 0.9518898, -10, 1, 23)
mesh = ExtResource("42_f1p13")

[node name="Rock_0_-13" type="MeshInstance3D" parent="environment/Island" unique_id=1329820650 instance=ExtResource("9_0odxb")]
transform = Transform3D(-0.36528462, 0, -0.93089586, 0, 1, 0, 0.93089586, 0, -0.36528462, 0, 4, -13)
mesh = ExtResource("45_ppx11")

[node name="Rock_16_6" type="MeshInstance3D" parent="environment/Island" unique_id=656610127 instance=ExtResource("6_ryguw")]
transform = Transform3D(-0.43722716, 0, -0.8993511, 0, 1, 0, 0.8993511, 0, -0.43722716, 16, 2, 6)
mesh = ExtResource("38_gx4rg")

[node name="Rock_5_11" type="MeshInstance3D" parent="environment/Island" unique_id=1041555929 instance=ExtResource("5_getpj")]
transform = Transform3D(-0.9748034, 0, -0.22306591, 0, 1, 0, 0.22306591, 0, -0.9748034, 5, 3, 11)
mesh = ExtResource("41_birbe")

[node name="Rock_12_0" type="MeshInstance3D" parent="environment/Island" unique_id=785443300 instance=ExtResource("11_a6jrf")]
transform = Transform3D(0.123956464, 0, 0.99228764, 0, 1, 0, -0.99228764, 0, 0.123956464, 12, 3, 0)
mesh = ExtResource("44_ovcoh")

[node name="Rock_-8_22" type="MeshInstance3D" parent="environment/Island" unique_id=594123456 instance=ExtResource("8_1u8w0")]
transform = Transform3D(-0.87534904, 0, -0.48349148, 0, 1, 0, 0.48349148, 0, -0.87534904, -8, 2, 22)
mesh = ExtResource("40_phcyf")

[node name="Rock_7_18" type="MeshInstance3D" parent="environment/Island" unique_id=1148219033 instance=ExtResource("8_1u8w0")]
transform = Transform3D(0.42703798, 0, 0.9042337, 0, 1, 0, -0.9042337, 0, 0.42703798, 7, 2, 18)
mesh = ExtResource("40_phcyf")

[node name="Rock_-19_-3" type="MeshInstance3D" parent="environment/Island" unique_id=597074920 instance=ExtResource("6_ryguw")]
transform = Transform3D(0.4933761, 0, -0.86981606, 0, 1, 0, 0.86981606, 0, 0.4933761, -19, 2, -3)
mesh = ExtResource("38_gx4rg")

[node name="Rock_22_-4" type="MeshInstance3D" parent="environment/Island" unique_id=1464497667 instance=ExtResource("10_lswn8")]
transform = Transform3D(-0.08327175, 0, -0.9965269, 0, 1, 0, 0.9965269, 0, -0.08327175, 22, 2, -4)
mesh = ExtResource("39_5dllo")

[node name="Rock_21_-7" type="MeshInstance3D" parent="environment/Island" unique_id=848870728 instance=ExtResource("7_d13ii")]
transform = Transform3D(-0.97232896, 0, 0.233616, 0, 1, 0, -0.233616, 0, -0.97232896, 21, 2, -7)
mesh = ExtResource("42_f1p13")

[node name="Rock_-28_0" type="MeshInstance3D" parent="environment/Island" unique_id=1370323000 instance=ExtResource("10_lswn8")]
transform = Transform3D(0.6204839, 0, 0.7842192, 0, 1, 0, -0.7842192, 0, 0.6204839, -28, 1, 0)
mesh = ExtResource("39_5dllo")

[node name="Rock_15_0" type="MeshInstance3D" parent="environment/Island" unique_id=860813535 instance=ExtResource("4_82xsv")]
transform = Transform3D(0.7462212, 0, 0.66569805, 0, 1, 0, -0.66569805, 0, 0.7462212, 15, 3, 0)
mesh = ExtResource("43_4obbf")

[node name="Rock_-17_7" type="MeshInstance3D" parent="environment/Island" unique_id=1129494748 instance=ExtResource("5_getpj")]
transform = Transform3D(-0.6230438, 0, 0.7821869, 0, 1, 0, -0.7821869, 0, -0.6230438, -17, 2, 7)
mesh = ExtResource("41_birbe")

[node name="Rock_-2_-12" type="MeshInstance3D" parent="environment/Island" unique_id=178016521 instance=ExtResource("4_82xsv")]
transform = Transform3D(-0.9990995, 0, 0.042428542, 0, 1, 0, -0.042428542, 0, -0.9990995, -2, 3, -12)
mesh = ExtResource("43_4obbf")

[node name="Rock_3_7" type="MeshInstance3D" parent="environment/Island" unique_id=2031937476 instance=ExtResource("10_lswn8")]
transform = Transform3D(-0.07198348, 0, -0.9974058, 0, 1, 0, 0.9974058, 0, -0.07198348, 3, 4, 7)
mesh = ExtResource("39_5dllo")

[node name="Rock_26_1" type="MeshInstance3D" parent="environment/Island" unique_id=245568675 instance=ExtResource("4_82xsv")]
transform = Transform3D(-0.98212165, 0, -0.18824722, 0, 1, 0, 0.18824722, 0, -0.98212165, 26, 1, 1)
mesh = ExtResource("43_4obbf")

[node name="Rock_-13_-23" type="MeshInstance3D" parent="environment/Island" unique_id=380980559 instance=ExtResource("7_d13ii")]
transform = Transform3D(-0.25335228, 0, -0.9673741, 0, 1, 0, 0.9673741, 0, -0.25335228, -13, 2, -23)
mesh = ExtResource("42_f1p13")

[node name="Rock_-17_5" type="MeshInstance3D" parent="environment/Island" unique_id=1034955058 instance=ExtResource("9_0odxb")]
transform = Transform3D(0.8970619, 0, -0.4419049, 0, 1, 0, 0.4419049, 0, 0.8970619, -17, 2, 5)
mesh = ExtResource("45_ppx11")

[node name="Rock_13_-5" type="MeshInstance3D" parent="environment/Island" unique_id=1099453800 instance=ExtResource("5_getpj")]
transform = Transform3D(-0.8322461, 0, 0.55440634, 0, 1, 0, -0.55440634, 0, -0.8322461, 13, 1, -5)
mesh = ExtResource("41_birbe")

[node name="Rock_-14_-16" type="MeshInstance3D" parent="environment/Island" unique_id=1874798557 instance=ExtResource("4_82xsv")]
transform = Transform3D(0.41335186, 0, 0.9105714, 0, 1, 0, -0.9105714, 0, 0.41335186, -14, 3, -16)
mesh = ExtResource("43_4obbf")

[node name="Rock_-9_-2" type="MeshInstance3D" parent="environment/Island" unique_id=1544331627 instance=ExtResource("9_0odxb")]
transform = Transform3D(-0.9184647, 0, 0.39550298, 0, 1, 0, -0.39550298, 0, -0.9184647, -9, 2, -2)
mesh = ExtResource("45_ppx11")

[node name="Rock_-5_3" type="MeshInstance3D" parent="environment/Island" unique_id=2057739651 instance=ExtResource("7_d13ii")]
transform = Transform3D(0.24242947, 0, -0.970169, 0, 1, 0, 0.970169, 0, 0.24242947, -5, 5, 3)
mesh = ExtResource("42_f1p13")

[node name="Rock_-3_-18" type="MeshInstance3D" parent="environment/Island" unique_id=1497683803 instance=ExtResource("5_getpj")]
transform = Transform3D(0.419176, 0, -0.907905, 0, 1, 0, 0.907905, 0, 0.419176, -3, 2, -18)
mesh = ExtResource("41_birbe")

[node name="Rock_-11_6" type="MeshInstance3D" parent="environment/Island" unique_id=717261356 instance=ExtResource("9_0odxb")]
transform = Transform3D(-0.95309186, 0, -0.30268115, 0, 1, 0, 0.30268115, 0, -0.95309186, -11, 1, 6)
mesh = ExtResource("45_ppx11")

[node name="Rock_14_-24" type="MeshInstance3D" parent="environment/Island" unique_id=1370005548 instance=ExtResource("8_1u8w0")]
transform = Transform3D(-0.19971631, 0, -0.97985375, 0, 1, 0, 0.97985375, 0, -0.19971631, 14, 1, -24)
mesh = ExtResource("40_phcyf")

[node name="Rock_-17_-20" type="MeshInstance3D" parent="environment/Island" unique_id=1177596218 instance=ExtResource("6_ryguw")]
transform = Transform3D(0.031506762, 0, 0.99950355, 0, 1, 0, -0.99950355, 0, 0.031506762, -17, 2, -20)
mesh = ExtResource("38_gx4rg")

[node name="Rock_-9_-21" type="MeshInstance3D" parent="environment/Island" unique_id=1743552420 instance=ExtResource("11_a6jrf")]
transform = Transform3D(0.61316824, 0, 0.78995234, 0, 1, 0, -0.78995234, 0, 0.61316824, -9, 2, -21)
mesh = ExtResource("44_ovcoh")

[node name="Rock_-14_6" type="MeshInstance3D" parent="environment/Island" unique_id=2132965831 instance=ExtResource("7_d13ii")]
transform = Transform3D(0.55878484, 0, -0.8293127, 0, 1, 0, 0.8293127, 0, 0.55878484, -14, 2, 6)
mesh = ExtResource("42_f1p13")

[node name="Rock_8_-16" type="MeshInstance3D" parent="environment/Island" unique_id=1472336705 instance=ExtResource("9_0odxb")]
transform = Transform3D(0.008140486, 0, -0.99996686, 0, 1, 0, 0.99996686, 0, 0.008140486, 8, 2, -16)
mesh = ExtResource("45_ppx11")

[node name="Rock_-18_-14" type="MeshInstance3D" parent="environment/Island" unique_id=2078562450 instance=ExtResource("7_d13ii")]
transform = Transform3D(0.8404813, 0, -0.54184055, 0, 1, 0, 0.54184055, 0, 0.8404813, -18, 2, -14)
mesh = ExtResource("42_f1p13")

[node name="Rock_11_20" type="MeshInstance3D" parent="environment/Island" unique_id=1129232666 instance=ExtResource("9_0odxb")]
transform = Transform3D(-0.47514945, 0, -0.8799051, 0, 1, 0, 0.8799051, 0, -0.47514945, 11, 2, 20)
mesh = ExtResource("45_ppx11")

[node name="Rock_10_9" type="MeshInstance3D" parent="environment/Island" unique_id=282147375 instance=ExtResource("10_lswn8")]
transform = Transform3D(0.99464506, 0, -0.10334965, 0, 1, 0, 0.10334965, 0, 0.99464506, 10, 4, 9)
mesh = ExtResource("39_5dllo")

[node name="Rock_8_-13" type="MeshInstance3D" parent="environment/Island" unique_id=2087635636 instance=ExtResource("4_82xsv")]
transform = Transform3D(0.9548206, 0, -0.29718295, 0, 1, 0, 0.29718295, 0, 0.9548206, 8, 3, -13)
mesh = ExtResource("43_4obbf")

[node name="Rock_-19_16" type="MeshInstance3D" parent="environment/Island" unique_id=1276892063 instance=ExtResource("9_0odxb")]
transform = Transform3D(-0.88070875, 0, 0.47365817, 0, 1, 0, -0.47365817, 0, -0.88070875, -19, 1, 16)
mesh = ExtResource("45_ppx11")

[node name="Rock_-10_-21" type="MeshInstance3D" parent="environment/Island" unique_id=1345932719 instance=ExtResource("8_1u8w0")]
transform = Transform3D(0.37785718, 0, 0.92586386, 0, 1, 0, -0.92586386, 0, 0.37785718, -10, 2, -21)
mesh = ExtResource("40_phcyf")

[node name="Rock_3_-31" type="MeshInstance3D" parent="environment/Island" unique_id=1025347636 instance=ExtResource("8_1u8w0")]
transform = Transform3D(0.53873444, 0, 0.84247565, 0, 1, 0, -0.84247565, 0, 0.53873444, 3, 1, -31)
mesh = ExtResource("40_phcyf")

[node name="Rock_-24_5" type="MeshInstance3D" parent="environment/Island" unique_id=2035374925 instance=ExtResource("6_ryguw")]
transform = Transform3D(-0.8788626, 0, 0.47707492, 0, 1, 0, -0.47707492, 0, -0.8788626, -24, 1, 5)
mesh = ExtResource("38_gx4rg")

[node name="Rock_1_14" type="MeshInstance3D" parent="environment/Island" unique_id=1256419918 instance=ExtResource("10_lswn8")]
transform = Transform3D(-0.98897296, 0, -0.14809634, 0, 1, 0, 0.14809634, 0, -0.98897296, 1, 2, 14)
mesh = ExtResource("39_5dllo")

[node name="Rock_26_-3" type="MeshInstance3D" parent="environment/Island" unique_id=1918862845 instance=ExtResource("8_1u8w0")]
transform = Transform3D(-0.9652451, 0, 0.2613462, 0, 1, 0, -0.2613462, 0, -0.9652451, 26, 1, -3)
mesh = ExtResource("40_phcyf")

[node name="Rock_13_22" type="MeshInstance3D" parent="environment/Island" unique_id=1176986460 instance=ExtResource("7_d13ii")]
transform = Transform3D(0.8487488, 0, -0.52879626, 0, 1, 0, 0.52879626, 0, 0.8487488, 13, 2, 22)
mesh = ExtResource("42_f1p13")

[node name="Rock_9_-11" type="MeshInstance3D" parent="environment/Island" unique_id=2124340672 instance=ExtResource("11_a6jrf")]
transform = Transform3D(-0.62980765, 0, 0.7767511, 0, 1, 0, -0.7767511, 0, -0.62980765, 9, 4, -11)
mesh = ExtResource("44_ovcoh")

[node name="Rock_-18_15" type="MeshInstance3D" parent="environment/Island" unique_id=1209913665 instance=ExtResource("8_1u8w0")]
transform = Transform3D(0.6971997, 0, 0.716877, 0, 1, 0, -0.716877, 0, 0.6971997, -18, 2, 15)
mesh = ExtResource("40_phcyf")

[node name="Rock_11_11" type="MeshInstance3D" parent="environment/Island" unique_id=1872026664 instance=ExtResource("5_getpj")]
transform = Transform3D(-0.70748705, 0, -0.7067263, 0, 1, 0, 0.7067263, 0, -0.70748705, 11, 3, 11)
mesh = ExtResource("41_birbe")

[node name="Rock_27_-14" type="MeshInstance3D" parent="environment/Island" unique_id=1736818015 instance=ExtResource("5_getpj")]
transform = Transform3D(-0.84747255, 0, 0.5308392, 0, 1, 0, -0.5308392, 0, -0.84747255, 27, 1, -14)
mesh = ExtResource("41_birbe")

[node name="Rock_-4_-18" type="MeshInstance3D" parent="environment/Island" unique_id=546131388 instance=ExtResource("7_d13ii")]
transform = Transform3D(0.9253026, 0, 0.37922952, 0, 1, 0, -0.37922952, 0, 0.9253026, -4, 2, -18)
mesh = ExtResource("42_f1p13")

[node name="Rock_-22_2" type="MeshInstance3D" parent="environment/Island" unique_id=669655927 instance=ExtResource("7_d13ii")]
transform = Transform3D(0.18289807, 0, 0.9831319, 0, 1, 0, -0.9831319, 0, 0.18289807, -22, 2, 2)
mesh = ExtResource("42_f1p13")

[node name="Rock_-23_1" type="MeshInstance3D" parent="environment/Island" unique_id=399769596 instance=ExtResource("10_lswn8")]
transform = Transform3D(0.92976, 0, 0.36816624, 0, 1, 0, -0.36816624, 0, 0.92976, -23, 2, 1)
mesh = ExtResource("39_5dllo")

[node name="Rock_-16_0" type="MeshInstance3D" parent="environment/Island" unique_id=1254667831 instance=ExtResource("6_ryguw")]
transform = Transform3D(-0.6804025, 0, -0.73283863, 0, 1, 0, 0.73283863, 0, -0.6804025, -16, 2, 0)
mesh = ExtResource("38_gx4rg")

[node name="Rock_17_-4" type="MeshInstance3D" parent="environment/Island" unique_id=1618181734 instance=ExtResource("7_d13ii")]
transform = Transform3D(0.97843325, 0, -0.20656314, 0, 1, 0, 0.20656314, 0, 0.97843325, 17, 3, -4)
mesh = ExtResource("42_f1p13")

[node name="Rock_-3_-13" type="MeshInstance3D" parent="environment/Island" unique_id=758189597 instance=ExtResource("9_0odxb")]
transform = Transform3D(0.08848128, 0, 0.99607784, 0, 1, 0, -0.99607784, 0, 0.08848128, -3, 3, -13)
mesh = ExtResource("45_ppx11")

[node name="Plant_31_5" type="MeshInstance3D" parent="environment/Island" unique_id=543806583 instance=ExtResource("22_qnost")]
transform = Transform3D(-0.9204057, 0, 0.39096466, 0, 1, 0, -0.39096466, 0, -0.9204057, 31, 1, 5)
mesh = ExtResource("59_yvsr8")

[node name="Plant_13_-2" type="MeshInstance3D" parent="environment/Island" unique_id=164832214 instance=ExtResource("15_come4")]
transform = Transform3D(-0.9729596, 0, 0.23097539, 0, 1, 0, -0.23097539, 0, -0.9729596, 13, 2, -2)
mesh = ExtResource("60_vieuh")

[node name="Plant_-19_-21" type="MeshInstance3D" parent="environment/Island" unique_id=346333066 instance=ExtResource("14_b1qrp")]
transform = Transform3D(-0.8800144, 0, 0.47494692, 0, 1, 0, -0.47494692, 0, -0.8800144, -19, 2, -21)
mesh = ExtResource("57_jbvwl")

[node name="Plant_15_-17" type="MeshInstance3D" parent="environment/Island" unique_id=1477391787 instance=ExtResource("19_d2t1y")]
transform = Transform3D(0.079859495, 0, -0.99680614, 0, 1, 0, 0.99680614, 0, 0.079859495, 15, 2, -17)
mesh = ExtResource("52_n5t1e")

[node name="Plant_-14_7" type="MeshInstance3D" parent="environment/Island" unique_id=170564604 instance=ExtResource("25_0cbny")]
transform = Transform3D(0.620805, 0, 0.783965, 0, 1, 0, -0.783965, 0, 0.620805, -14, 2, 7)
mesh = ExtResource("56_41lik")

[node name="Plant_-24_12" type="MeshInstance3D" parent="environment/Island" unique_id=710780045 instance=ExtResource("26_hrvbo")]
transform = Transform3D(0.06875856, 0, -0.99763334, 0, 1, 0, 0.99763334, 0, 0.06875856, -24, 1, 12)
mesh = ExtResource("48_pjuso")

[node name="Plant_2_-8" type="MeshInstance3D" parent="environment/Island" unique_id=402830808 instance=ExtResource("13_facbu")]
transform = Transform3D(0.91094786, 0, -0.41252148, 0, 1, 0, 0.41252148, 0, 0.91094786, 2, 3, -8)
mesh = ExtResource("55_lwnsi")

[node name="Plant_6_23" type="MeshInstance3D" parent="environment/Island" unique_id=1723907945 instance=ExtResource("28_blkrb")]
transform = Transform3D(0.767042, 0, 0.64159685, 0, 1, 0, -0.64159685, 0, 0.767042, 6, 2, 23)
mesh = ExtResource("49_23xmf")

[node name="Plant_18_-7" type="MeshInstance3D" parent="environment/Island" unique_id=220462111 instance=ExtResource("28_blkrb")]
transform = Transform3D(-0.9359181, 0, -0.35221776, 0, 1, 0, 0.35221776, 0, -0.9359181, 18, 2, -7)
mesh = ExtResource("49_23xmf")

[node name="Plant_-12_-18" type="MeshInstance3D" parent="environment/Island" unique_id=1585477665 instance=ExtResource("23_wnkbs")]
transform = Transform3D(0.98377234, 0, -0.17942141, 0, 1, 0, 0.17942141, 0, 0.98377234, -12, 3, -18)
mesh = ExtResource("54_53bls")

[node name="Plant_-13_16" type="MeshInstance3D" parent="environment/Island" unique_id=547637869 instance=ExtResource("23_wnkbs")]
transform = Transform3D(0.96030366, 0, 0.2789568, 0, 1, 0, -0.2789568, 0, 0.96030366, -13, 1, 16)
mesh = ExtResource("54_53bls")

[node name="Plant_15_-20" type="MeshInstance3D" parent="environment/Island" unique_id=1032008992 instance=ExtResource("18_0cp0l")]
transform = Transform3D(0.51209736, 0, -0.8589274, 0, 1, 0, 0.8589274, 0, 0.51209736, 15, 2, -20)
mesh = ExtResource("47_5yh34")

[node name="Plant_9_16" type="MeshInstance3D" parent="environment/Island" unique_id=543272838 instance=ExtResource("21_0n3wm")]
transform = Transform3D(0.9995585, 0, 0.02971163, 0, 1, 0, -0.02971163, 0, 0.9995585, 9, 1, 16)
mesh = ExtResource("46_1yv1y")

[node name="Plant_20_-1" type="MeshInstance3D" parent="environment/Island" unique_id=1462136663 instance=ExtResource("15_come4")]
transform = Transform3D(0.9612191, 0, -0.275786, 0, 1, 0, 0.275786, 0, 0.9612191, 20, 3, -1)
mesh = ExtResource("60_vieuh")

[node name="Plant_5_-4" type="MeshInstance3D" parent="environment/Island" unique_id=1839535091 instance=ExtResource("27_uypp3")]
transform = Transform3D(0.123191856, 0, -0.9923829, 0, 1, 0, 0.9923829, 0, 0.123191856, 5, 2, -4)
mesh = ExtResource("61_yjja3")

[node name="Plant_25_-8" type="MeshInstance3D" parent="environment/Island" unique_id=888417185 instance=ExtResource("17_4lmeg")]
transform = Transform3D(-0.13718295, 0, 0.99054575, 0, 1, 0, -0.99054575, 0, -0.13718295, 25, 1, -8)
mesh = ExtResource("50_swlj1")

[node name="Plant_-5_13" type="MeshInstance3D" parent="environment/Island" unique_id=2111621016 instance=ExtResource("22_qnost")]
transform = Transform3D(-0.9993149, 0, 0.037010234, 0, 1, 0, -0.037010234, 0, -0.9993149, -5, 1, 13)
mesh = ExtResource("59_yvsr8")

[node name="Plant_10_-14" type="MeshInstance3D" parent="environment/Island" unique_id=1779453519 instance=ExtResource("24_f6a44")]
transform = Transform3D(0.7650141, 0, -0.6440135, 0, 1, 0, 0.6440135, 0, 0.7650141, 10, 3, -14)
mesh = ExtResource("53_h6isl")

[node name="Plant_-5_-20" type="MeshInstance3D" parent="environment/Island" unique_id=1762641948 instance=ExtResource("24_f6a44")]
transform = Transform3D(-0.7933525, 0, -0.6087625, 0, 1, 0, 0.6087625, 0, -0.7933525, -5, 2, -20)
mesh = ExtResource("53_h6isl")

[node name="Plant_6_-7" type="MeshInstance3D" parent="environment/Island" unique_id=118403163 instance=ExtResource("28_blkrb")]
transform = Transform3D(0.7347563, 0, 0.6783312, 0, 1, 0, -0.6783312, 0, 0.7347563, 6, 3, -7)
mesh = ExtResource("49_23xmf")

[node name="Plant_-11_7" type="MeshInstance3D" parent="environment/Island" unique_id=1842081135 instance=ExtResource("20_gngh3")]
transform = Transform3D(-0.9577448, 0, 0.28761944, 0, 1, 0, -0.28761944, 0, -0.9577448, -11, 1, 7)
mesh = ExtResource("58_sn1fb")

[node name="Plant_1_2" type="MeshInstance3D" parent="environment/Island" unique_id=1577172768 instance=ExtResource("16_h8e4i")]
transform = Transform3D(0.9016731, 0, 0.43241835, 0, 1, 0, -0.43241835, 0, 0.9016731, 1, 5, 2)
mesh = ExtResource("51_yysqy")

[node name="Plant_22_-12" type="MeshInstance3D" parent="environment/Island" unique_id=951906595 instance=ExtResource("18_0cp0l")]
transform = Transform3D(-0.65746063, 0, 0.7534889, 0, 1, 0, -0.7534889, 0, -0.65746063, 22, 1, -12)
mesh = ExtResource("47_5yh34")

[node name="Plant_-3_-16" type="MeshInstance3D" parent="environment/Island" unique_id=1833439092 instance=ExtResource("26_hrvbo")]
transform = Transform3D(-0.16065216, 0, 0.9870111, 0, 1, 0, -0.9870111, 0, -0.16065216, -3, 2, -16)
mesh = ExtResource("48_pjuso")

[node name="Plant_-11_-14" type="MeshInstance3D" parent="environment/Island" unique_id=1531848055 instance=ExtResource("24_f6a44")]
transform = Transform3D(-0.3807783, 0, -0.92466635, 0, 1, 0, 0.92466635, 0, -0.3807783, -11, 3, -14)
mesh = ExtResource("53_h6isl")

[node name="Plant_20_-2" type="MeshInstance3D" parent="environment/Island" unique_id=1247784745 instance=ExtResource("21_0n3wm")]
transform = Transform3D(-0.3228182, 0, 0.946461, 0, 1, 0, -0.946461, 0, -0.3228182, 20, 3, -2)
mesh = ExtResource("46_1yv1y")

[node name="Plant_-6_-20" type="MeshInstance3D" parent="environment/Island" unique_id=1453752241 instance=ExtResource("16_h8e4i")]
transform = Transform3D(-0.99889183, 0, -0.047064643, 0, 1, 0, 0.047064643, 0, -0.99889183, -6, 2, -20)
mesh = ExtResource("51_yysqy")

[node name="Plant_-13_30" type="MeshInstance3D" parent="environment/Island" unique_id=427810139 instance=ExtResource("25_0cbny")]
transform = Transform3D(0.99467945, 0, -0.10301812, 0, 1, 0, 0.10301812, 0, 0.99467945, -13, 1, 30)
mesh = ExtResource("56_41lik")

[node name="Plant_16_-22" type="MeshInstance3D" parent="environment/Island" unique_id=1111502465 instance=ExtResource("28_blkrb")]
transform = Transform3D(0.47787905, 0, 0.87842566, 0, 1, 0, -0.87842566, 0, 0.47787905, 16, 2, -22)
mesh = ExtResource("49_23xmf")

[node name="Plant_-4_21" type="MeshInstance3D" parent="environment/Island" unique_id=899933097 instance=ExtResource("20_gngh3")]
transform = Transform3D(-0.85671216, 0, 0.5157948, 0, 1, 0, -0.5157948, 0, -0.85671216, -4, 3, 21)
mesh = ExtResource("58_sn1fb")

[node name="Plant_-14_-19" type="MeshInstance3D" parent="environment/Island" unique_id=866657769 instance=ExtResource("13_facbu")]
transform = Transform3D(0.9273317, 0, -0.37424052, 0, 1, 0, 0.37424052, 0, 0.9273317, -14, 2, -19)
mesh = ExtResource("55_lwnsi")

[node name="Plant_-8_2" type="MeshInstance3D" parent="environment/Island" unique_id=548006554 instance=ExtResource("15_come4")]
transform = Transform3D(-0.20487408, 0, -0.9787883, 0, 1, 0, 0.9787883, 0, -0.20487408, -8, 3, 2)
mesh = ExtResource("60_vieuh")

[node name="Plant_-15_6" type="MeshInstance3D" parent="environment/Island" unique_id=1808770243 instance=ExtResource("15_come4")]
transform = Transform3D(0.65713406, 0, 0.75377375, 0, 1, 0, -0.75377375, 0, 0.65713406, -15, 2, 6)
mesh = ExtResource("60_vieuh")

[node name="Plant_-21_10" type="MeshInstance3D" parent="environment/Island" unique_id=666495270 instance=ExtResource("14_b1qrp")]
transform = Transform3D(0.8350012, 0, -0.5502482, 0, 1, 0, 0.5502482, 0, 0.8350012, -21, 2, 10)
mesh = ExtResource("57_jbvwl")

[node name="Plant_-12_-29" type="MeshInstance3D" parent="environment/Island" unique_id=355975435 instance=ExtResource("28_blkrb")]
transform = Transform3D(0.9710988, 0, 0.23867792, 0, 1, 0, -0.23867792, 0, 0.9710988, -12, 1, -29)
mesh = ExtResource("49_23xmf")

[node name="Plant_1_-12" type="MeshInstance3D" parent="environment/Island" unique_id=1072897367 instance=ExtResource("22_qnost")]
transform = Transform3D(-0.9714947, 0, 0.23706147, 0, 1, 0, -0.23706147, 0, -0.9714947, 1, 3, -12)
mesh = ExtResource("59_yvsr8")

[node name="Plant_-18_-21" type="MeshInstance3D" parent="environment/Island" unique_id=1606811612 instance=ExtResource("20_gngh3")]
transform = Transform3D(0.61071336, 0, 0.79185176, 0, 1, 0, -0.79185176, 0, 0.61071336, -18, 2, -21)
mesh = ExtResource("58_sn1fb")

[node name="Plant_22_-8" type="MeshInstance3D" parent="environment/Island" unique_id=1319223094 instance=ExtResource("14_b1qrp")]
transform = Transform3D(-0.8841147, 0, -0.46727002, 0, 1, 0, 0.46727002, 0, -0.8841147, 22, 2, -8)
mesh = ExtResource("57_jbvwl")

[node name="Plant_14_-25" type="MeshInstance3D" parent="environment/Island" unique_id=1910482659 instance=ExtResource("13_facbu")]
transform = Transform3D(-0.98556656, 0, -0.16928825, 0, 1, 0, 0.16928825, 0, -0.98556656, 14, 1, -25)
mesh = ExtResource("55_lwnsi")

[node name="Plant_-11_-15" type="MeshInstance3D" parent="environment/Island" unique_id=525002038 instance=ExtResource("13_facbu")]
transform = Transform3D(0.806462, 0, 0.5912859, 0, 1, 0, -0.5912859, 0, 0.806462, -11, 3, -15)
mesh = ExtResource("55_lwnsi")

[node name="Plant_4_-16" type="MeshInstance3D" parent="environment/Island" unique_id=823187941 instance=ExtResource("22_qnost")]
transform = Transform3D(-0.9730213, 0, -0.23071527, 0, 1, 0, 0.23071527, 0, -0.9730213, 4, 2, -16)
mesh = ExtResource("59_yvsr8")

[node name="Plant_15_2" type="MeshInstance3D" parent="environment/Island" unique_id=1736925917 instance=ExtResource("25_0cbny")]
transform = Transform3D(0.82390666, 0, -0.5667255, 0, 1, 0, 0.5667255, 0, 0.82390666, 15, 3, 2)
mesh = ExtResource("56_41lik")

[node name="Plant_23_-10" type="MeshInstance3D" parent="environment/Island" unique_id=653812184 instance=ExtResource("18_0cp0l")]
transform = Transform3D(-0.7033409, 0, 0.71085274, 0, 1, 0, -0.71085274, 0, -0.7033409, 23, 2, -10)
mesh = ExtResource("47_5yh34")

